3824.000 10979.949
3825.885 9682.586
3827.769 8060.105
3829.654 6509.810
3831.539 6454.133
3833.423 8148.997
3835.308 10026.983
3837.193 11869.842
3839.077 13135.724
3840.962 13949.649
3842.847 14915.908
3844.731 15501.458
3846.616 15802.011
3848.500 16099.350
3850.385 16043.704
3852.270 16256.941
3854.154 16913.388
3856.039 17197.864
3857.924 17030.848
3859.808 17084.170
3861.693 17219.286
3863.578 17178.951
3865.462 17311.502
3867.347 17424.166
3869.232 17354.738
3871.116 17377.701
3873.001 17154.893
3874.886 16635.666
3876.770 15956.658
3878.655 15009.736
3880.540 13466.262
3882.424 11370.598
3884.309 8849.697
3886.194 8002.728
3888.078 10142.012
3889.963 12858.203
3891.848 15007.111
3893.732 16709.495
3895.617 18005.184
3897.501 18898.900
3899.386 19607.594
3901.271 20208.955
3903.155 20660.376
3905.040 21061.946
3906.925 21417.803
3908.809 21532.102
3910.694 21587.463
3912.579 21886.673
3914.463 22089.840
3916.348 22014.555
3918.233 21904.762
3920.117 22070.119
3922.002 22040.319
3923.887 22030.132
3925.771 22371.262
3927.656 22377.502
3929.541 22063.648
3931.425 21667.599
3933.310 22481.383
3935.195 22778.529
3937.079 22944.042
3938.964 23012.976
3940.848 23238.296
3942.733 23447.098
3944.618 23408.473
3946.502 23325.968
3948.387 23526.076
3950.272 23464.763
3952.156 23237.359
3954.041 23069.027
3955.926 22636.508
3957.810 21777.887
3959.695 20708.200
3961.580 19265.854
3963.464 16870.761
3965.349 13584.130
3967.234 10809.885
3969.118 11137.400
3971.003 14434.255
3972.888 17782.799
3974.772 20290.839
3976.657 22216.840
3978.542 23665.460
3980.426 24453.787
3982.311 25312.384
3984.196 26119.723
3986.080 26482.155
3987.965 26996.079
3989.849 27080.386
3991.734 27397.103
3993.619 27728.019
3995.503 28145.026
3997.388 28059.840
3999.273 28326.124
4001.157 28437.113
4003.042 28571.479
4004.927 28507.172
4006.811 28333.941
4008.696 28339.816
4010.581 28976.811
4012.465 29547.835
4014.350 29632.188
4016.235 29637.140
4018.119 29789.349
4020.004 29660.592
4021.889 28604.369
4023.773 27315.956
4025.658 27560.761
4027.543 29178.695
4029.427 30258.594
4031.312 30669.732
4033.196 31122.309
4035.081 31312.886
4036.966 31398.551
4038.850 31404.991
4040.735 31519.586
4042.620 31456.968
4044.504 31662.748
4046.389 31774.277
4048.274 31786.694
4050.158 31996.440
4052.043 32131.685
4053.928 32362.331
4055.812 32283.029
4057.697 32452.085
4059.582 32526.996
4061.466 32695.075
4063.351 32731.209
4065.236 32630.988
4067.120 32854.870
4069.005 33085.266
4070.890 33183.895
4072.774 33151.277
4074.659 33015.309
4076.543 32997.617
4078.428 32809.495
4080.313 32691.149
4082.197 32447.393
4084.082 32024.839
4085.967 31582.273
4087.851 31084.370
4089.736 30200.585
4091.621 28795.216
4093.505 26749.925
4095.390 23915.088
4097.275 20152.446
4099.159 16408.627
4101.044 15565.352
4102.929 18562.405
4104.813 22738.547
4106.698 26080.175
4108.583 28537.425
4110.467 30441.756
4112.352 31905.964
4114.237 32909.690
4116.121 33476.317
4118.006 33697.932
4119.891 33904.036
4121.775 34165.983
4123.660 34372.016
4125.544 34264.456
4127.429 33983.943
4129.314 34145.840
4131.198 34893.632
4133.083 35832.026
4134.968 35701.964
4136.852 35749.603
4138.737 35626.359
4140.622 34892.890
4142.506 34735.704
4144.391 35125.049
4146.276 35897.461
4148.160 36409.156
4150.045 36486.700
4151.930 36605.820
4153.814 36768.955
4155.699 37055.823
4157.584 37132.699
4159.468 37509.155
4161.353 37369.385
4163.238 37090.006
4165.122 37241.322
4167.007 37355.512
4168.891 37262.321
4170.776 37185.237
4172.661 37370.145
4174.545 37260.424
4176.430 37158.615
4178.315 37345.471
4180.199 37710.911
4182.084 38223.075
4183.969 38570.786
4185.853 38372.756
4187.738 38345.402
4189.623 38508.366
4191.507 38813.062
4193.392 38917.694
4195.277 38691.000
4197.161 38768.834
4199.046 39139.660
4200.931 39466.622
4202.815 39578.400
4204.700 39230.193
4206.585 38964.266
4208.469 39148.111
4210.354 39123.564
4212.239 39211.298
4214.123 39458.567
4216.008 39451.013
4217.892 39405.169
4219.777 39540.130
4221.662 39619.297
4223.546 39631.213
4225.431 39422.860
4227.316 39623.908
4229.200 39574.809
4231.085 39269.896
4232.970 39358.835
4234.854 39244.035
4236.739 39439.098
4238.624 39571.330
4240.508 39462.899
4242.393 39171.020
4244.278 39431.581
4246.162 39244.594
4248.047 39459.390
4249.932 39157.742
4251.816 39191.248
4253.701 39390.172
4255.586 39413.757
4257.470 39413.913
4259.355 39650.270
4261.239 40245.617
4263.124 39925.251
4265.009 39219.759
4266.893 39428.777
4268.778 40039.659
4270.663 39846.597
4272.547 39986.448
4274.432 40173.049
4276.317 40023.235
4278.201 40517.853
4280.086 40633.069
4281.971 40007.710
4283.855 40038.371
4285.740 40150.588
4287.625 40005.467
4289.509 39915.190
4291.394 39987.348
4293.279 39844.358
4295.163 39866.512
4297.048 39743.267
4298.933 39587.597
4300.817 39793.173
4302.702 39875.138
4304.587 39805.166
4306.471 39819.660
4308.356 39801.771
4310.240 39699.233
4312.125 39676.846
4314.010 39585.109
4315.894 39388.686
4317.779 39348.798
4319.664 39307.553
4321.548 39007.541
4323.433 38510.783
4325.318 37768.768
4327.202 36777.651
4329.087 35591.265
4330.972 33824.782
4332.856 31241.317
4334.741 27648.149
4336.626 23353.699
4338.510 20493.472
4340.395 20751.989
4342.280 23807.806
4344.164 27964.484
4346.049 31308.343
4347.934 33725.355
4349.818 35613.476
4351.703 36913.011
4353.587 37523.734
4355.472 38171.878
4357.357 38786.014
4359.241 38928.096
4361.126 39364.088
4363.011 39550.906
4364.895 39613.668
4366.780 40005.544
4368.665 39844.459
4370.549 40152.947
4372.434 40528.004
4374.319 40339.853
4376.203 40402.973
4378.088 40493.730
4379.973 40474.416
4381.857 40025.768
4383.742 39380.433
4385.627 38640.588
4387.511 38845.200
4389.396 39472.115
4391.281 39979.919
4393.165 40352.261
4395.050 40592.390
4396.935 40586.478
4398.819 40610.180
4400.704 40785.861
4402.588 40903.306
4404.473 40720.872
4406.358 40771.304
4408.242 40724.370
4410.127 40798.543
4412.012 40737.793
4413.896 40799.397
4415.781 40650.176
4417.666 40825.678
4419.550 40743.817
4421.435 40983.159
4423.320 40988.256
4425.204 41110.379
4427.089 41171.953
4428.974 41312.211
4430.858 41196.121
4432.743 41127.248
4434.628 41285.390
4436.512 41057.154
4438.397 41082.893
4440.282 41185.239
4442.166 41029.876
4444.051 41066.731
4445.935 41124.076
4447.820 41141.001
4449.705 41274.332
4451.589 41275.841
4453.474 41179.244
4455.359 41222.393
4457.243 41088.265
4459.128 41039.124
4461.013 41208.517
4462.897 41075.026
4464.782 40603.417
4466.667 39726.957
4468.551 38998.386
4470.436 38899.225
4472.321 39348.289
4474.205 40135.767
4476.090 40468.133
4477.975 40116.303
4479.859 39917.709
4481.744 40337.321
4483.629 41080.595
4485.513 41551.052
4487.398 41350.982
4489.283 41183.288
4491.167 41383.239
4493.052 41490.701
4494.936 41689.806
4496.821 41639.707
4498.706 41402.930
4500.590 41525.399
4502.475 41599.604
4504.360 41544.070
4506.244 41456.251
4508.129 41608.073
4510.014 41765.766
4511.898 41694.548
4513.783 41762.568
4515.668 41335.642
4517.552 41222.930
4519.437 41340.367
4521.322 41171.931
4523.206 41429.867
4525.091 41771.919
4526.976 41583.355
4528.860 41709.942
4530.745 41657.274
4532.630 41498.401
4534.514 41532.415
4536.399 41698.345
4538.283 41886.145
4540.168 41941.017
4542.053 41897.898
4543.937 41733.612
4545.822 41870.789
4547.707 41928.598
4549.591 41481.315
4551.476 41456.233
4553.361 41469.099
4555.245 41319.264
4557.130 41686.587
4559.015 41679.878
4560.899 41761.132
4562.784 41859.262
4564.669 41760.156
4566.553 41729.440
4568.438 41764.863
4570.323 41759.141
4572.207 41657.605
4574.092 41747.548
4575.977 41869.531
4577.861 41743.370
4579.746 41632.297
4581.630 41624.783
4583.515 41561.715
4585.400 41509.384
4587.284 41662.253
4589.169 41765.432
4591.054 42367.708
4592.938 42454.729
4594.823 42143.399
4596.708 42237.090
4598.592 41985.633
4600.477 42063.495
4602.362 41971.284
4604.246 42007.802
4606.131 42149.047
4608.016 42466.801
4609.900 42749.562
4611.785 43076.948
4613.670 42827.182
4615.554 42439.681
4617.439 42106.181
4619.324 42211.889
4621.208 42094.530
4623.093 42066.630
4624.978 42132.824
4626.862 42170.057
4628.747 42001.658
4630.631 41925.554
4632.516 42094.752
4634.401 42094.165
4636.285 42019.665
4638.170 42317.050
4640.055 42282.916
4641.939 42473.041
4643.824 42195.829
4645.709 42126.520
4647.593 42279.446
4649.478 42329.129
4651.363 42635.040
4653.247 42448.709
4655.132 42226.691
4657.017 42241.911
4658.901 42655.971
4660.786 42554.538
4662.671 42231.022
4664.555 41946.524
4666.440 41916.372
4668.325 41950.418
4670.209 41792.881
4672.094 41806.968
4673.978 41607.761
4675.863 41775.538
4677.748 41826.146
4679.632 41792.862
4681.517 42138.620
4683.402 41955.601
4685.286 41816.961
4687.171 42007.969
4689.056 42231.475
4690.940 42067.847
4692.825 42131.753
4694.710 42098.116
4696.594 41939.230
4698.479 42081.364
4700.364 42023.004
4702.248 42179.400
4704.133 42170.146
4706.018 42147.078
4707.902 41951.214
4709.787 41570.369
4711.672 41205.980
4713.556 41342.762
4715.441 41460.673
4717.326 41515.721
4719.210 41509.910
4721.095 41603.163
4722.979 41673.330
4724.864 41555.010
4726.749 41774.766
4728.633 41924.915
4730.518 41671.545
4732.403 41570.764
4734.287 41668.663
4736.172 41694.694
4738.057 41658.292
4739.941 41574.123
4741.826 41512.384
4743.711 41663.946
4745.595 41667.820
4747.480 41604.591
4749.365 41741.270
4751.249 41483.315
4753.134 41558.140
4755.019 41762.712
4756.903 41553.383
4758.788 41602.692
4760.673 41608.740
4762.557 41260.395
4764.442 41517.788
4766.326 42169.238
4768.211 42087.286
4770.096 41501.026
4771.980 41311.949
4773.865 41406.278
4775.750 41434.097
4777.634 41263.843
4779.519 41240.828
4781.404 41378.759
4783.288 41272.947
4785.173 41115.786
4787.058 41124.518
4788.942 41071.373
4790.827 41080.988
4792.712 41121.857
4794.596 41304.724
4796.481 41254.588
4798.366 41066.392
4800.250 41001.173
4802.135 41126.999
4804.020 41076.818
4805.904 41221.599
4807.789 41522.902
4809.674 41306.862
4811.558 41176.599
4813.443 40998.989
4815.327 40922.799
4817.212 40837.486
4819.097 40939.056
4820.981 41039.997
4822.866 40925.037
4824.751 40672.174
4826.635 40620.914
4828.520 40739.583
4830.405 40759.493
4832.289 40529.607
4834.174 40486.906
4836.059 40294.751
4837.943 39971.591
4839.828 39822.722
4841.713 39371.007
4843.597 38975.649
4845.482 38314.789
4847.367 37701.839
4849.251 36720.849
4851.136 35226.684
4853.021 33155.779
4854.905 30523.785
4856.790 26928.801
4858.674 23143.857
4860.559 21462.244
4862.444 23271.420
4864.328 27047.565
4866.213 30538.274
4868.098 33091.340
4869.982 35054.250
4871.867 36514.219
4873.752 37703.002
4875.636 38489.906
4877.521 38992.795
4879.406 39545.069
4881.290 40129.007
4883.175 40186.596
4885.060 40141.810
4886.944 40159.500
4888.829 40290.980
4890.714 40671.384
4892.598 40563.046
4894.483 40590.681
4896.368 40492.945
4898.252 40627.836
4900.137 40598.326
4902.022 40538.681
4903.906 40815.272
4905.791 40960.447
4907.675 40609.309
4909.560 40719.301
4911.445 40596.837
4913.329 40514.616
4915.214 40655.163
4917.099 40190.351
4918.983 39332.591
4920.868 38915.598
4922.753 39313.128
4924.637 39721.136
4926.522 40474.015
4928.407 40574.072
4930.291 40522.022
4932.176 40644.957
4934.061 40681.796
4935.945 40759.410
4937.830 40515.619
4939.715 40598.218
4941.599 40333.770
4943.484 40482.428
4945.369 40484.236
4947.253 40523.966
4949.138 40324.610
4951.022 40528.882
4952.907 40417.529
4954.792 40585.516
4956.676 40442.082
4958.561 40666.064
4960.446 40730.245
4962.330 40522.944
4964.215 40431.555
4966.100 40582.526
4967.984 40535.924
4969.869 40216.916
4971.754 40291.166
4973.638 40430.789
4975.523 40340.195
4977.408 40340.650
4979.292 40162.295
4981.177 40254.969
4983.062 39989.889
4984.946 39978.718
4986.831 39827.213
4988.716 39745.032
4990.600 39759.992
4992.485 39804.018
4994.370 39877.184
4996.254 39926.987
4998.139 39749.000
5000.023 39400.633
5001.908 39167.140
5003.793 39331.584
5005.677 39604.409
5007.562 39479.978
5009.447 39599.872
5011.331 39586.432
5013.216 39347.960
5015.101 38886.156
5016.985 38754.047
5018.870 39159.455
5020.755 39442.093
5022.639 39481.318
5024.524 39399.667
5026.409 39229.574
5028.293 39258.055
5030.178 39223.570
5032.063 39050.472
5033.947 39015.617
5035.832 39081.648
5037.717 38794.029
5039.601 38567.277
5041.486 38610.594
5043.370 38753.374
5045.255 38772.098
5047.140 38755.595
5049.024 38844.686
5050.909 39000.267
5052.794 38190.344
5054.678 37750.815
5056.563 38224.686
5058.448 38697.642
5060.332 38674.694
5062.217 38722.917
5064.102 38673.229
5065.986 38630.734
5067.871 38396.478
5069.756 38233.944
5071.640 38263.370
5073.525 38308.565
5075.410 38227.554
5077.294 38373.284
5079.179 38413.388
5081.064 38373.722
5082.948 38222.648
5084.833 38110.294
5086.717 38140.872
5088.602 38104.070
5090.487 38141.669
5092.371 38070.638
5094.256 37936.315
5096.141 37896.787
5098.025 37582.312
5099.910 37548.879
5101.795 37833.090
5103.679 37870.297
5105.564 37818.998
5107.449 37905.308
5109.333 37951.701
5111.218 37988.797
5113.103 37702.554
5114.987 37634.746
5116.872 37631.753
5118.757 37531.076
5120.641 37571.753
5122.526 37447.743
5124.411 37187.227
5126.295 36988.762
5128.180 37020.688
5130.065 36920.048
5131.949 36958.639
5133.834 36887.157
5135.718 37077.754
5137.603 37012.921
5139.488 36651.937
5141.372 36551.191
5143.257 36592.491
5145.142 36348.867
5147.026 36362.385
5148.911 36210.784
5150.796 36074.712
5152.680 36015.135
5154.565 36076.628
5156.450 36127.946
5158.334 36240.124
5160.219 36191.531
5162.104 36040.642
5163.988 35856.336
5165.873 35357.426
5167.758 35084.143
5169.642 35590.972
5171.527 35729.623
5173.412 35605.833
5175.296 35297.053
5177.181 35259.801
5179.065 35267.535
5180.950 35259.336
5182.835 35056.739
5184.719 35060.630
5186.604 34870.201
5188.489 34955.418
5190.373 34627.589
5192.258 34392.092
5194.143 34365.508
5196.027 34431.169
5197.912 34395.214
5199.797 34257.937
5201.681 34347.016
5203.566 34452.461
5205.451 34341.959
5207.335 34140.196
5209.220 34202.586
5211.105 33798.420
5212.989 33574.153
5214.874 33499.058
5216.759 33923.834
5218.643 33785.276
5220.528 33502.055
5222.413 33068.436
5224.297 32682.243
5226.182 33019.923
5228.066 33118.370
5229.951 33015.525
5231.836 32493.557
5233.720 32749.973
5235.605 32783.589
5237.490 32780.521
5239.374 32599.366
5241.259 32591.123
5243.144 32464.151
5245.028 32467.274
5246.913 32179.995
5248.798 32006.208
5250.682 31832.216
5252.567 31755.910
5254.452 31793.678
5256.336 31529.440
5258.221 31462.905
5260.106 31471.715
5261.990 31270.560
5263.875 31296.535
5265.760 31452.167
5267.644 31478.397
5269.529 31240.239
5271.413 31130.880
5273.298 30966.712
5275.183 30867.223
5277.067 30802.806
5278.952 30976.875
5280.837 30675.569
5282.721 30460.584
5284.606 30506.703
5286.491 30314.643
5288.375 30174.383
5290.260 29969.003
5292.145 29867.844
5294.029 29856.766
5295.914 29688.698
5297.799 29894.957
5299.683 29739.354
5301.568 29779.046
5303.453 29566.818
5305.337 29586.299
5307.222 29297.246
5309.107 29329.981
5310.991 29193.534
5312.876 28443.228
5314.761 27969.473
5316.645 28628.300
5318.530 28820.913
5320.414 28687.933
5322.299 28596.668
5324.184 28553.767
5326.068 28294.770
5327.953 28238.661
5329.838 28220.172
5331.722 28196.188
5333.607 28167.040
5335.492 27843.484
5337.376 27759.450
5339.261 27862.192
5341.146 27619.318
5343.030 27403.531
5344.915 27434.951
5346.800 27323.931
5348.684 27478.747
5350.569 27160.361
5352.454 27083.596
5354.338 26845.808
5356.223 27065.970
5358.108 26719.670
5359.992 26518.506
5361.877 26591.948
5363.761 26461.144
5365.646 26364.892
5367.531 26187.819
5369.415 26141.916
5371.300 26153.048
5373.185 25955.219
5375.069 26044.036
5376.954 25937.840
5378.839 25842.830
5380.723 25738.327
5382.608 25358.531
5384.493 25214.071
5386.377 25261.339
5388.262 25228.475
5390.147 25210.012
5392.031 25105.274
5393.916 24938.240
5395.801 24909.252
5397.685 24647.547
5399.570 24665.923
5401.455 24514.605
5403.339 24554.563
5405.224 24319.054
5407.109 24084.653
5408.993 24069.476
5410.878 24086.914
5412.762 23893.420
5414.647 23893.139
5416.532 23936.857
5418.416 23561.870
5420.301 23562.814
5422.186 23128.984
5424.070 23160.858
5425.955 23086.203
5427.840 23078.254
5429.724 23032.923
5431.609 22766.124
5433.494 22760.926
5435.378 22921.063
5437.263 22761.988
5439.148 22581.882
5441.032 22651.183
5442.917 22508.126
5444.802 22454.953
5446.686 22186.155
5448.571 22125.367
5450.456 21966.823
5452.340 21803.474
5454.225 21851.263
5456.109 21789.989
5457.994 21647.831
5459.879 21600.094
5461.763 21426.801
5463.648 21104.005
5465.533 21076.239
5467.417 21123.127
5469.302 21127.466
5471.187 21117.345
5473.071 20857.766
5474.956 20902.349
5476.841 20770.822
5478.725 20450.994
5480.610 20541.204
5482.495 20256.580
5484.379 20089.408
5486.264 19932.403
5488.149 20009.164
5490.033 20029.191
5491.918 19800.221
5493.803 19741.477
5495.687 19704.611
5497.572 19688.703
5499.457 19475.663
5501.341 19324.793
5503.226 19153.827
5505.110 19146.475
5506.995 19164.488
5508.880 18965.747
5510.764 18862.209
5512.649 18863.858
5514.534 18881.535
5516.418 18771.543
5518.303 18740.928
5520.188 18669.106
5522.072 18475.106
5523.957 18366.404
5525.842 18241.530
5527.726 18069.210
5529.611 18061.288
5531.496 17999.217
5533.380 17946.791
5535.265 17835.226
5537.150 17814.478
5539.034 17792.415
5540.919 17644.776
5542.804 17518.837
5544.688 17479.668
5546.573 17288.999
5548.457 17164.398
5550.342 17326.869
5552.227 17106.804
5554.111 17019.420
5555.996 16995.319
5557.881 17026.812
5559.765 16813.112
5561.650 16814.712
5563.535 16609.010
5565.419 16531.989
5567.304 16540.559
5569.189 16432.093
5571.073 16398.089
5572.958 16372.708
5574.843 16178.568
5576.727 16108.035
5578.612 15990.603
5580.497 15946.916
5582.381 15801.996
5584.266 15802.714
5586.151 15767.747
5588.035 15571.706
5589.920 15586.385
5591.804 15520.426
5593.689 15370.795
5595.574 15369.073
5597.458 15218.542
5599.343 15242.974
5601.228 15157.409
5603.112 15022.281
5604.997 14899.353
5606.882 15001.652
5608.766 14897.499
5610.651 14837.887
5612.536 14657.236
5614.420 14696.497
5616.305 14654.548
5618.190 14601.994
5620.074 14538.356
5621.959 14494.919
5623.844 14443.461
5625.728 14274.851
5627.613 14255.037
5629.498 14209.061
5631.382 14181.872
5633.267 14000.222
5635.152 13890.634
5637.036 13859.599
5638.921 13741.519
5640.805 13696.600
5642.690 13707.769
5644.575 13554.694
5646.459 13466.948
5648.344 13457.680
5650.229 13432.775
5652.113 13365.240
5653.998 13400.485
5655.883 13319.790
5657.767 13200.525
5659.652 13143.957
5661.537 13082.987
5663.421 12932.154
5665.306 12972.884
5667.191 12929.625
5669.075 12864.613
5670.960 12682.824
5672.845 12788.650
5674.729 12761.987
5676.614 12625.473
5678.499 12480.125
5680.383 12490.649
5682.268 12439.236
5684.152 12434.402
5686.037 12292.576
5687.922 12237.602
5689.806 12177.494
5691.691 12086.495
5693.576 12027.250
5695.460 12021.419
5697.345 11988.085
5699.230 11881.850
5701.114 11853.175
5702.999 11763.339
5704.884 11745.243
5706.768 11835.539
5708.653 11701.261
5710.538 11649.510
5712.422 11581.320
5714.307 11520.365
5716.192 11458.633
5718.076 11386.683
5719.961 11341.874
5721.846 11250.247
5723.730 11261.230
5725.615 11130.445
5727.500 11102.669
5729.384 11094.086
5731.269 10863.768
5733.153 10890.257
5735.038 10865.616
5736.923 10862.655
5738.807 10828.059
5740.692 10751.407
5742.577 10798.313
5744.461 10647.193
5746.346 10673.747
5748.231 10564.089
5750.115 10594.339
5752.000 10651.376
#TELESCOP DSO 32-in
#INSTRUME GM Spectrograph
#PROJECT Unknown
#OBJECT GM113022
#RA Unknown
#DEC Unknown
#AIRMASS Unknown
#NUMEXP 1
#EXPTIME 30.0
#DATE-OBS 2022-12-01T00:11:36.040
#DATE-MID 2022-12-01T00:11:51.040
#JD 2459914.5080560185
#JD-MID 2459914.5082296296
#JD-HELIO 2459914.5103216073
#BARYCOR -28.13078683364286 km / s
#GRATING 600 g/mm
