0.006323643604056131
0.005980302191468932
0.01629979960799629
0.01459038539104794
0.005106291906486172
0.006110081153731123
0.009668388275741591
0.008020253220128469
0.009989875219164461
0.00810396450179536
0.02161279435719532
0.046710726688538144
0.021229570945263072
0.011178873871937528
0.02166035430330624
0.04324388100135638
0.0745799404951905
0.02420830139604327
0.0048469987387468145
0.006560986027436603
0.027523946890174025
0.02794055372581874
0.009848567302354129
0.007319658629340641
0.0076525782521171025
0.013010389104382193
0.018290457737042885
0.008142811542798925
0.0024808914197284124
0.017144036789062445
0.040964204738251096
0.014817209749423112
0.008384606693927632
0.01448474743382079
0.011758282061577328
0.011464233548603065
0.008123604641484893
0.015982885736314855
0.009599334892445927
0.004208597923642508
0.002843536008824202
0.003106944941130846
0.0014706998720454524
0.0027548184170403654
0.0034549557006540365
0.00652805991089827
0.004309205501954072
0.005615587685690182
0.011286437333055805
0.016635920380991757
0.03328647459155609
0.06047201417286394
0.06661913720770068
0.052535448165603724
0.032984194549447246
0.01818082435924165
0.003234076335542734
0.0015333509549031092
0.0009713204378807638
0.001875874028336581
0.01214013355198714
0.06340060931607884
0.08777325246923011
0.07737363002203307
0.02557947678571592
0.0066378136326927075
0.0030150261991280076
0.0034997718037201074
0.002762135331826659
0.0018891359363867426
0.0013458550135042816
0.0010394592068281457
0.0030795065106822388
0.01677036869018994
0.01496037096372866
0.0039218663254545405
0.016650554210564345
0.019277398825240447
0.010120207763795358
0.030686225999376232
0.012347751009048282
0.0022787616487569924
0.0011736186904426637
0.0020574249764715442
0.00308087843220467
0.004080094607708184
0.013775921313898392
0.05532718811975652
0.0302504122624175
0.005016659700354047
0.0027324103655073343
0.0019440127972839608
0.004099301509022214
0.007475143068549431
0.002665547242887826
0.0029578628023600698
0.008330764791371894
0.03451846011869865
0.020828055246365093
0.003117920313310294
0.00471483696541935
0.004302803201516065
0.002234860160039216
0.001452864892253856
0.0016399035264785422
0.008377867430308675
0.04238048505657348
0.06346508962763306
0.08110754309891463
0.03389926620490837
0.008616124468037431
0.0133259310545412
0.09754499216632813
0.20122750391683594
0.13134037743631
0.028655782146179157
0.009674790576179601
0.07571040382967319
0.15852141615227233
0.034873787793008135
0.005178546440000844
0.0026930819485309946
0.004052487695669101
0.019083885684181838
0.01883145212405463
0.005234795222420494
0.013935521517674467
0.15988373422404575
0.38310299573265016
0.0907663279239992
0.045485600769007754
0.058251330535223175
0.11537443613423709
0.08544372972414317
0.021495723720614583
0.004321095488481805
0.0025389694308446385
0.00333610397297401
0.0016229831610352341
0.0018040768019960544
0.006645106478680364
0.022220098284457864
0.014506240871005537
0.018195337844821042
0.13087618658575573
0.17607103626720275
0.02244143495674332
0.003944274376987569
0.0032043513692234116
0.008295094831788703
0.007347554366963397
0.0042918278293366235
0.0034325476491210115
0.0023876007562031428
0.0019837985214344414
0.00225589629004982
0.003957993592211878
0.016939572344623028
0.09314661176541605
0.3930390531180575
0.21637306021729408
0.01781074251136637
0.004625204759287222
0.0024644283614592474
0.002901614019940422
0.007968577509450256
0.01057202725184912
0.004901875599644031
0.002707065920540328
0.003081793046552956
0.00539348081184828
0.02550310648763396
0.13918143845057013
0.6276417492182335
0.43580093235786665
0.051354223734791114
0.08324362490933886
0.05157693232859899
0.00789998143332873
0.004667734326482568
0.0038724771506470426
0.0047669699832716995
0.005658718972851505
0.010659300715714609
0.03253511890443835
0.09148338557305621
0.10373647399705678
0.01999850003246881
0.014037501017508464
0.058420076882482116
0.23229100833488056
0.1458283982267457
0.03651094747644182
0.14882924790347526
0.5930162792207851
0.7515285492295746
0.4647393303376665
0.06216953840328456
0.012917555748031065
0.008593259109330254
0.0039026594241405145
0.00393344341759996
0.006753271659764616
0.027751228555723335
0.051459404384844115
0.036361408030496895
0.021461425682553822
0.03480634701922129
0.03015849352041465
0.09316033098064036
0.12772543643110162
0.04631149752551087
0.012453388966275425
0.018450057940818963
0.08349422924076948
0.1010520808848345
0.01917866861322273
0.0050354092944939295
0.0027392699731194864
0.0035011437252425327
0.005480826482109688
0.0191918101772797
0.039463779899886316
0.01861148737329162
0.025643042482921864
0.12078864018171366
0.44542679106641286
0.253783073598102
0.042717520443917224
0.108871576255514
0.23493881687317134
0.0861863965749522
0.1349829012847588
0.3078290073599017
0.1734835922758989
0.5074458754094043
0.8017321881142206
0.16309188846345415
0.032819563966755595
0.023692627385199894
0.007742210458249227
0.004512249887273781
0.004984190890989858
0.00818762764586498
0.007064938533342724
0.010299111144080018
0.034061128875756526
0.1560405247325439
0.197692976767881
0.03814764985270136
0.010654342543194951
0.026794999254589308
0.08577356854069382
0.05819368576248245
0.010282672154609492
0.00479303649219788
0.004547919846856976
0.0033895607747515214
0.0023898872920738623
0.0031778275531230862
0.00842359814772302
0.02765245020610834
0.029131838914462523
0.09572262307736631
0.25426964843139066
0.2929194215613015
0.18464280193934823
0.06873646942398504
0.018274909293122008
0.010159078873597552
0.02905089554463913
0.10570883983913762
0.3030501473901022
0.44258234044324035
0.11648369485711872
0.05161260228818218
0.01858039048544986
0.008267199094165949
0.006227175859110492
0.012946366100002101
0.034773180214696574
0.026667867860177417
0.036420400655961416
0.11025172930707904
0.22979959885014684
0.3089745618311311
0.10427380992667538
0.14255407885987834
0.13730373519353697
0.1736976120333981
0.13218829714356792
0.08621017654800764
0.11779958421631727
0.046429482776439907
0.00963502892082776
0.0037759853369027695
0.0021360818104242253
0.003651140478361597
0.009397662428648647
0.040572292490010126
0.15677267351834762
0.13447391839993708
0.039233297084118
0.02473848889246605
0.00865408096349134
0.004045796569647425
0.0030214284995660127
0.003861959085641742
0.006788267692985915
0.004873546623645772
0.008017605652278163
0.022006993141307
0.04972666750201444
0.24044296602116236
0.35667901700908305
0.17869737543710748
0.21727258342883432
0.10936424049485834
0.06584400154752748
0.02547612536435949
0.033644088801736305
0.05030631637964062
0.01699627843421682
0.0080742154666774
0.011956296067981455
0.048519833869449774
0.06732064641283679
0.01900797269327402
0.005732802735062747
0.0034682176087042025
0.005214673706758176
0.011087869744282972
0.021782792281983498
0.015558047371535558
0.0061425499630953125
0.003923695554151117
0.004846084124398526
0.009118344020441534
0.03899915581095653
0.14775228950836736
0.10185282574675975
0.033120929394516156
0.1093723276112011
0.26589285639500526
0.10038075395319188
0.014752272130694731
0.006126086904826149
0.012032209058889272
0.020155356393200027
0.008499968445804982
0.004250212876489562
0.008171164587595823
0.014260666918490485
0.011857517718366465
0.020892078250745183
0.014139023210168317
0.014629256500850134
0.06409251507055792
0.21001831972539622
0.1139636916396017
0.01741837295595126
0.005417260784903741
0.003919579789583825
0.008034429742526918
0.02681827378287335
0.020095449153387224
0.006188280680509657
0.005350493937478793
0.01864624271852652
0.023733785030872805
0.008498139217108411
0.00871307358895585
0.011108448567119431
0.016179985128370697
0.036298299640465104
0.19851223053595968
0.7298142326797193
0.4368531961655709
0.057756524172799924
0.010484224274413572
0.0041861898721094765
0.002732867672681475
0.002800789822441104
0.002639047495586142
0.003821716054317114
0.008677860936546803
0.02252054909787014
0.01668805339884411
0.0062544698767672685
0.0026560400674253705
0.0028705171320986623
0.006445287312378298
0.016161067052640338
0.0834521569807483
0.333311077717525
0.22247216599884576
0.03478735673709502
0.017206639734322828
0.04068890581941671
0.23696423034745287
0.4621276490661331
0.13408174139491108
0.03176669843908546
0.05085744373087944
0.07939812888196628
0.06775463092109897
0.01765800191520244
0.013825310488705883
0.03613458367212174
0.20438475264712258
0.7377928709470007
0.4196044841712268
0.05254916738082804
0.010201608440792894
0.004556608683165702
0.0024328741664433507
0.002361534247276963
0.0022560888404389323
0.002638662394807915
0.007085685837769654
0.020544982105570278
0.013713270231040731
0.004945777088361809
0.005240282908510213
0.026072453919442594
0.04938094327836196
0.01698758959790809
0.005942249420820463
0.002700856170491433
0.0024616845184143887
0.0035802578663693546
0.003974913957655184
0.006433397325850569
0.01477833863962091
0.05667636462747301
0.3466123141846625
0.5219758962534653
0.1136156808800785
0.016237605832312773
0.004912393664649334
0.002428758401876057
0.002240347846128943
0.0018264848535290835
0.0015867596190833433
0.0013467696278525658
0.0013847261233064802
0.0016234404682093772
0.0022170251802476277
0.004306918966083357
0.004694041523395136
0.0022650424335326877
0.0016028616453729223
0.0014807606298766123
0.0012469803886947317
0.0018475209835396855
0.001448291820512421
0.0017276342975181746
0.002958320109534213
0.01141667360249214
0.04029699357117574
0.027702753995264128
0.007135363838160823
0.003971712807436178
0.0046787096986620124
0.005037695830364645
0.003323251234500716
0.002495525249301003
0.0022303833634923402
0.004058601170523445
0.014641146487377866
0.028867972674981732
0.12851643342957803
0.4389247976644408
0.22297898269178992
0.07134677877399606
0.1030267332627861
0.1199873417374197
0.21453102691984413
0.0724040729606158
0.013768604399112094
0.005553995629972642
0.0033570919653873343
0.0035688251870157695
0.003830404890625841
0.0030195992708694423
0.00452827970716744
0.008297838674833564
0.00639681275191909
0.008111714654957166
0.013077155951807138
0.0394930475590315
0.24965587635145703
1.0
0.5942411403835305
0.0746746030802382
0.01684765360262019
0.0065001641732755164
0.00324505170772218
0.0027840860761855447
0.00266930197547553
0.0025490301886757923
0.0023122413476640248
0.00247942322301143
0.003671719301198054
0.004027504282681687
0.003346116593207892
0.004801749397305248
0.007113292749808737
0.0043979230937379096
0.0029103028562491528
0.0030035935197744224
0.0048712360189764195
0.01600346455915131
0.11748358495898412
0.3642383045976748
0.15002373424233806
0.021604562828060735
0.005528843735394752
0.0023843996059841393
0.0015027113742354984
0.0012598812647653032
0.0013453977063301386
0.0017944733513390416
0.0018671851920278523
0.001827856775051519
0.0016563665847477117
0.001584112051233042
0.0015781670579691758
0.002148717929709768
0.0025760113119502564
0.004140459154695126
0.0033621223443029142
0.0024693143275829926
0.002843078701650055
0.005824914027454701
0.036611097747579244
0.1594296282001213
0.09597048356575211
0.016608939257717288
0.004691971606712172
0.002002090808400183
0.002066571119954418
0.002144770646732954
0.002183184449361003
0.00295374703779278
0.011258902627412639
0.027701382073741693
0.014213564279553703
0.0068015296010360765
0.005077938861689275
0.008289149838524837
0.02889127127206441
0.14981794601397347
0.641934427638914
0.4009949945082223
0.06087170064306536
0.018771544884241837
0.04430849210276241
0.12732209150350712
0.06547404004364539
0.01667341956927152
0.008329609489037215
0.004221859831692667
0.0020258707814556475
0.0020697722701734237
0.004770171133490706
0.025057737437615482
0.02875593241731658
0.008648135970227474
0.0031929186898698243
0.001849350212236258
0.0018255702391807974
0.002081204949527009
0.0023555892540130987
0.005171686832388692
0.009724709264557159
0.005452473437312789
0.0017464560980539735
0.0013248188834936818
0.001685634243892893
0.004249755569315417
0.03144032552953884
0.04918978887956999
0.014680932211528348
0.005969230544094933
0.0028124391209824445
0.003461815308266195
0.006003528582155692
0.003425230734334714
0.0018577261541626762
0.002022212324062499
0.002224799402208062
0.0022709874267965516
0.004854676685512697
0.015158818208508293
0.019969689680497768
0.010295813718666457
0.02383484991635852
0.18993521786571085
0.2690548466786237
0.054343640732167076
0.012815576248197062
0.017752207193076006
0.017338801507650294
0.006442374987742965
0.002175867534574712
0.001707584988251779
0.0014292774695875078
0.0017153592102122197
0.0019540013487192006
0.001469327950523021
0.001606520102766069
0.0027461295807316346
0.003107859555479134
0.0032866666605692392
0.0019677927703394232
0.0012283270697494024
0.0010440322785695763
0.0015178025109822343
0.001948537731428114
0.004213628302558088
0.014497094727522666
0.06350624727330599
0.04528347099803632
0.013514341610288314
0.021389628456213297
0.12496238648492669
0.123289412429118
0.02384170952397067
0.006259740943669236
0.0026510096885097867
0.0017784676002440155
0.0012649116436808834
0.0012635397221584521
0.0024186976440449008
0.002589730527174565
0.0021438560323846618
0.0014995102240164969
0.0012644543365067404
0.0022805908774535684
0.0029409424369167617
0.002097210700622031
0.001954073555115117
0.006305808624264536
0.006788725000160056
0.004500359900746053
0.005573202531286669
0.004776573433928715
0.004634350902770091
0.01660025042140856
0.07023164726424648
0.06433443056567982
0.01579676171643846
0.004672764705398146
0.0024781475766835538
0.0033365131425508753
0.0038861963658713473
0.0033300627045155886
0.0021383683462949427
0.002568237089989818
0.0021520875615192473
0.0019677927703394232
0.002254524368527391
0.0023738815409788403
0.005290586697665994
0.02531286670319027
0.044999940550067355
0.0147897713189745
0.005353695087697798
0.002779970311618253
0.001959561241204842
0.001670085799972012
0.0010751291664113365
0.0013170446615332412
0.001860782891589845
0.0035075460256805396
0.013444830919818506
0.01355275541291637
0.004984648198164003
0.0018429479117982508
0.0036996150388208062
0.004831907602000078
0.003171425252685081
0.0032011502190044056
0.012083427462393348
0.020242244756287286
0.008543412627348614
0.0032736213717068246
0.0022042205793716073
0.0023212912159523372
0.0016961523088981942
0.002546286345630932
0.013844782146804943
0.07068414067866213
0.056563867062633714
0.04948703854276326
0.024068678295137674
0.008631215604784163
0.015787615572955587
0.01656092200443222
0.006190109909206234
0.002405435735994739
0.001965963541642851
0.009172209991795912
0.0559506181421073
0.04489933297175579
0.029617499133402902
0.030857258882505904
0.017487883646421072
0.008810480017048412
0.004442281889629827
0.005615274791307867
0.012206082060258357
0.008626642533042728
0.002907101706030145
0.001675116178887592
0.0022970539357227335
0.0218702582962381
0.07134494954529948
0.02996413797140367
0.010907233410496295
0.006960672497638008
0.00446057417659557
0.0024923240990820015
0.0017519437841436965
0.0012232966908338266
0.0017853272078561697
0.003370811180611641
0.003507088718506401
0.0033564902454213566
0.003525381005472138
0.0029683808673653727
0.0053033912985420125
0.01156775345154997
0.011430850124890589
0.012570002295682014
0.03154550617959184
0.017108318691881976
0.008500209133791377
0.018237867412016388
0.015394331403192187
0.007509441106610192
0.006426537718238417
0.006306265931438683
0.004745019238912814
0.0030195992708694445
0.0022467501465669483
0.00337904270974622
0.0027209776861537426
0.004742732703042099
0.005611616333914723
0.0056118088843038335
0.008495852681237695
0.018308292716834484
0.015233816585067823
0.007140851524250544
0.0028924678764575503
0.0017848699006820267
0.0021470571826036713
0.004102502659241217
0.006816620737782812
0.012681585246173025
0.038114723736163036
0.027073499323642686
0.008224669526970605
0.0032148694342287124
0.001628470847124953
0.0018803748936820994
0.004527341024020517
0.006276998272293496
0.005818319176627582
0.0071961856923219054
0.006620893267249397
0.004588620185355742
0.003229503263801303
0.0030602996093682133
0.004470634934426724
0.006717842388167817
0.005335860107906202
0.005050356018448831
0.0032107536696614207
0.0029295097575631765
0.004637263227405427
0.0039314697761115526
0.0035546486646173218
0.004954465924670532
0.004076436150315042
0.003845953334546722
0.003323251234500716
0.002204220579371605
0.001251192428456581
0.0017766383715474452
0.0034272765822190377
0.009690339020100481
0.02422035986416148
0.014166461640616924
0.006827138802788111
0.0024914094847337154
0.0015996604951539167
0.0013582023072061572
0.00239903343555673
0.004541517546418967
0.0033118185551471264
0.003487881817192373
0.005036781216016361
0.005661005508722218
0.004888613691593871
0.004094174854912081
0.0024273864803536233
0.002864572138834798
0.00973378320164411
0.008981512900178078
0.0035336125346067237
0.0024241853301346216
0.0025554324891138014
0.0019325801179303716
0.0022074217295906086
0.008358203221820503
0.012404914405816217
0.00854890031343834
0.0039182078680613935
0.0032153267414028533
0.0018959955439988947
0.0016339585332146803
0.0030081665915158554
0.003414712669329411
0.003196336459276577
0.0030717322887217984
0.0028101525851117206
0.004629320523854511
0.005831581084677739
0.009806326560742448
0.010571112637500836
0.005323970121378471
0.005876854494917945
0.007526818779227645
0.010381330160231286
0.012339062172739551
0.008348599771163487
0.007173320333614729
0.004328412403268098
0.0030239075858258446
0.002129679509986218
0.001782390814422199
0.010829033883717764
0.016086237157671286
0.007671785153431132
0.002762111263028018
0.0025732674689054
0.006861894148023015
0.0056335670782736115
0.003700072345994947
0.0037051027249105292
0.0025874439913038455
0.005740576957023185
0.012388643897936164
0.013281788877837031
0.011212714602824149
0.008280918309390253
0.006159927635712764
0.009865944974971579
0.03529349950367731
0.025841513796500144
0.01734474650091416
0.019518784806792287
0.01315947124315297
0.005306592448761016
0.002086692635616728
0.0014862483159663292
0.0026985696346207137
0.004036650426164557
0.003698243117298377
0.003213954819880422
0.005446071136874779
0.003878879451085056
0.002075789469833202
0.0011615602223244538
0.0007733064314766394
0.0009059014431796077
0.0011441825497070046
0.0022760178057121337
0.002598419363483292
0.0033474885147303196
0.004065003470961448
0.012998956425028605
0.08902285635697649
0.06507069511605085
0.018826879052313204
0.00783824496481936
0.003951591291773871
0.009645065609860276
0.023394463107658345
0.012044099045417003
0.005205984870449449
0.0018315152324446637
0.002037303460809235
0.0023057427720314604
0.0014482918205124251
0.0013961588026600651
0.001411249939406797
0.002250408603960099
0.008031685899482053
0.006999543607440207
0.003911348260449237
0.002452321755743766
0.0017528583984919848
0.00334611659320789
0.0040428601762134515
0.00288972403341269
0.0020606261266905477
0.0020523705287573296
0.0019316655035820876
0.0026816492691774034
0.00223074439547193
0.0013335077198024085
0.0012489058925858614
0.004012413145934951
0.015800877481005747
0.013755799798236074
0.05735912423846923
0.10391280201588704
0.030160322749111228
0.008828314996840012
0.0030131969704314354
0.001601489723850489
0.001181272568409902
0.004343503540014838
0.03308617404928125
0.02857392416200747
0.01117109964997709
0.016400864493482006
0.012251259195304006
0.006721043538386821
0.004226890210608247
0.002614545458571508
0.0034160845908518425
0.006899345198705501
0.005526533130725394
0.002759752520761386
0.0014001060856368773
0.00277951300444411
0.009023127853025132
0.009672768797093913
0.01037904362436057
0.007184753012968319
0.026666953245829128
0.13154395133519975
0.0651049931541116
0.016252239661885368
0.0059495663356067575
0.0027063197877825154
0.004129026475341538
0.005725485820276452
0.005170050154081232
0.0041807021860197574
0.004027504282681687
0.005236624451117064
0.0037206511688314082
0.0022490366824376696
0.001811851023956495
0.001674658871713449
0.002017735527515619
0.0057369184996300384
0.007705168577143603
0.0062596205996760445
0.005805514575751564
0.004128111860993254
0.0021209906736774893
0.0020537665190784
0.010730399946894606
0.047307632894788586
0.03662893272737085
0.013174562379899704
0.005591494818252407
0.0033049830163336172
0.0066497036192204395
0.004779317276973575
0.002881035197103965
0.0013870126591771954
0.001115372197735964
0.0006630954025080514
0.0005551709094101952
0.0015786243651433147
0.0028392758314650713
0.0022595547474429647
0.0014620110357367298
0.0010207096126882633
0.005201869105882158
0.009250409518574447
0.005942249420820466
0.002590187834348708
0.0037233950118762665
0.011812244308126255
0.015418568683421792
0.007862482245048963
0.003029660028700594
0.001359116921554441
0.0010422030498730042
0.0022751031913638433
0.0020427911468989535
0.0016357877619112484
0.0011441825497069983
0.0011286341057861256
0.001151499464493302
0.0015978312664573424
0.001823741010484225
0.0012136932401768117
0.001067812251625039
0.0008949501397988003
0.0009809238885377766
0.0007961717901838055
0.0008213236847617014
0.0006155354563971325
0.0005158424924338557
0.0005025805843836921
0.0006722415459909252
0.0009882408033240761
0.0008066898551891127
0.0021845563708834384
0.021389171149039155
0.025568044106362334
0.009715490914678373
0.003972627421784467
0.0015153715623196801
